Homes:
  main:
    X: 1735.9200472454004
    Y: -28.0
    Z: 814.6450379724404
    Yaw: 179.88821
    Pitch: 7.058731
    World: survival
