Homes:
  main:
    X: 404.7605669056765
    Y: 57.0
    Z: 223.47236807683836
    Yaw: 86.59766
    Pitch: 42.184475
    World: survival
