Homes:
  main:
    X: 731.8879416190688
    Y: 88.0
    Z: 18.224925677595632
    Yaw: 80.80289
    Pitch: 51.749924
    World: survival
