Homes:
  main:
    X: -655.7233696048236
    Y: -54.0
    Z: 160.45385351523166
    Yaw: -92.09424
    Pitch: 16.50014
    World: survival
