Homes:
  main:
    X: 1419.699999988079
    Y: -24.0
    Z: 1035.367132794941
    Yaw: 14.070435
    Pitch: 31.080639
    World: survival
