Homes:
  main:
    X: 1444.3751728448824
    Y: 100.0
    Z: 614.5038191408754
    Yaw: 97.64985
    Pitch: 20.549974
    World: survival
