Homes:
  main:
    X: -1073.5073711082225
    Y: 75.0
    Z: 131.51045539811113
    Yaw: 129.84064
    Pitch: 35.54996
    World: survival
