Homes:
  main:
    X: 1735.9200472454004
    Y: -27.9999999
    Z: 814.6450379724404
    Yaw: 179.0
    Pitch: 7.0
    World: survival
