Homes:
  main:
    X: 6221.005754856505
    Y: 63.0
    Z: 6901.050602595618
    Yaw: -126.40906
    Pitch: 35.244297
    World: survival
