Homes:
  main:
    X: 6219.738115247431
    Y: 63.0
    Z: 6883.880468632677
    Yaw: 39.259766
    Pitch: 76.98558
    World: survival
