Homes:
  main:
    X: 1353.300000011921
    Y: 57.0
    Z: -323.3367922824133
    Yaw: -140.74017
    Pitch: 32.261375
    World: survival
