Homes:
  main:
    X: 405.42632185689155
    Y: 57.0
    Z: 221.60808072648865
    Yaw: 46.433258
    Pitch: 4.5780034
    World: survival
