Homes:
  main:
    X: 1417.1563567249025
    Y: -25.0
    Z: 1036.2813048642527
    Yaw: -118.60973
    Pitch: 20.114122
    World: survival
